1   681
2   910
3   299
4   675
5   1678
6   3254
7   297
8   173
9   221
10   353
11   736
12   335
13   674
14   306
15   601
16   1076
17   744
18   7
19   1832
20   2924
21   510
22   1432
23   6
24   120
25   278
26   172
27   1859
28   2116
29   30
30   2634
31   150
32   1194
33   288
34   51
35   170
36   219
37   8
38   1632
39   1431
40   1730
41   9
42   638
43   339
44   56
45   5
46   83
47   1634
48   1770
49   2089
50   2362
51   106
52   585
53   146
54   1659
55   182
56   906
57   241
58   1016
59   2667
60   3
61   1647
62   465
63   236
64   2005
65   472
66   1832
67   117
68   1950
69   1659
70   1583
71   80
72   326
73   1960
74   1913
75   1040
76   367
77   1203
78   242
79   1723
80   45
81   411
82   1321
83   1742
84   1003
85   1242
86   1340
87   434
88   1284
89   1608
90   892
91   355
92   823
93   1487
94   1559
95   1412
96   2838
97   2090
98   1296
99   2365
100   68
101   143
102   357
103   18
104   1060
105   63
106   441
107   630
108   2183
109   867
110   204
111   30
112   1608
113   212
114   34
115   1538
116   134
117   225
118   1000
119   360
120   1118
121   1050
122   621
123   500
124   609
125   995
126   207
127   11
128   56
129   859
130   222
131   2186
132   756
133   178
134   1049
135   2516
136   348
137   783
138   832
139   129
140   61
141   1287
142   1494
143   627
144   664
145   2458
146   2633
147   118
148   261
149   407
150   1020
151   69
152   715
153   3471
154   490
155   2059
156   469
157   830
158   1503
159   1775
160   476
161   119
162   2907
163   905
164   992
165   1431
166   606
167   1
168   1003
169   955
170   438
171   246
172   24
173   1549
174   1099
175   524
176   97
177   132
178   675
179   1223
180   1463
181   905
182   1067
183   144
184   849
185   445
186   317
187   332
188   1475
189   1581
190   126
191   452
192   988
193   1623
194   247
195   700
196   270
197   106
198   2917
199   815
200   63
201   1241
202   1520
203   495
204   3
205   2413
206   27
207   2048
208   1397
209   1364
210   135
211   1829
212   1127
213   260
214   1430
215   774
216   1534
217   1725
218   204
219   1385
220   526
221   282
222   469
223   2578
224   3341
225   1514
226   1163
227   139
228   1272
229   58
230   136
231   662
232   257
233   1902
234   1890
235   872
236   996
237   834
238   1866
239   1150
240   1026
241   871
242   862
243   110
244   23
245   2612
246   1163
247   1674
248   1127
249   109
250   1552
251   1604
252   1932
253   1003
254   190
255   164
256   1056
257   604
258   1440
259   385
260   189
261   1701
262   30
263   1715
264   205
265   168
266   40
267   2156
268   152
269   3152
270   1043
271   821
272   1091
273   802
274   930
275   1949
276   2290
277   1011
278   36
279   701
280   279
281   1105
282   357
283   1337
284   671
285   1475
286   136
287   168
288   234
289   983
290   1967
291   841
292   429
293   3220
294   234
295   465
296   161
297   3042
298   572
299   71
300   1035
301   244
302   2729
303   60
304   2916
305   314
306   1348
307   478
308   2876
309   2940
310   1077
311   1811
312   1787
313   75
314   1427
315   149
316   1404
317   38
318   1050
319   55
320   826
321   94
322   847
323   59
324   62
325   219
326   216
327   810
328   1135
329   366
330   1078
331   1554
332   307
333   294
334   337
335   213
336   874
337   473
338   431
339   860
340   34
341   569
342   954
343   1948
344   543
345   2379
346   1113
347   534
348   1036
349   71
350   884
351   816
352   546
353   617
354   442
355   2462
356   2748
357   1907
358   435
359   467
360   2355
361   663
362   1323
363   2075
364   973
365   604
366   479
367   1439
368   263
369   2601
370   724
371   696
372   254
373   2070
374   461
375   795
376   712
377   937
378   219
379   559
380   603
381   285
382   240
383   2003
384   2318
385   1800
386   703
387   198
388   2554
389   1005
390   963
391   687
392   695
393   63
394   11
395   378
396   2309
397   2806
398   1743
399   666
400   1876
401   1815
402   1790
403   371
404   546
405   262
406   18
407   28
408   43
409   1919
410   178
411   534
412   2161
413   655
414   1924
415   621
416   242
417   1625
418   1777
419   418
420   348
421   1875
422   2105
423   690
424   81
425   2934
426   413
427   2559
428   715
429   1474
430   732
431   159
432   209
433   3
434   958
435   585
436   835
437   1225
438   829
439   1300
440   305
441   333
442   769
443   1042
444   8
445   27
446   1332
447   37
448   1148
449   2850
450   3063
451   969
452   1394
453   401
454   905
455   106
456   1686
457   1473
458   1382
459   1832
460   1834
461   1618
462   874
463   402
464   338
465   3450
466   362
467   203
468   302
469   919
470   328
471   1118
472   440
473   42
474   1546
475   1610
476   947
477   27
478   124
479   1737
480   3754
481   39
482   580
483   1933
484   580
485   1698
486   135
487   354
488   1385
489   49
490   860
491   1360
492   1330
493   3086
494   101
495   2627
496   290
497   479
498   1028
499   2571
500   227
501   941
502   1715
503   55
504   29
505   129
506   203
507   3066
508   35
509   269
510   871
511   800
512   518
513   705
514   413
515   1397
516   926
517   1011
518   210
519   646
520   1043
521   1891
522   1244
523   263
524   136
525   653
526   48
527   1970
528   130
529   81
530   1160
531   98
532   100
533   201
534   1183
535   406
536   457
537   1383
538   204
539   546
540   2071
541   761
542   1615
543   1063
544   1816
545   1169
546   1003
547   151
548   976
549   520
550   1901
551   246
552   185
553   1812
554   324
555   468
556   699
557   323
558   1255
559   388
560   1747
561   283
562   854
563   307
564   1461
565   207
566   520
567   2110
568   109
569   1548
570   2638
571   1355
572   366
573   132
574   682
575   2747
576   33
577   345
578   1017
579   2413
580   1803
581   409
582   1416
583   599
584   62
585   768
586   80
587   1163
588   5
589   3184
590   54
591   48
592   1687
593   534
594   769
595   1244
596   2655
597   1578
598   221
599   483
600   78
601   208
602   1089
603   1404
604   37
605   361
606   535
607   1659
608   102
609   1061
610   709
611   46
612   1044
613   765
614   2299
615   877
616   12
617   1153
618   859
619   2997
620   1859
621   2050
622   151
623   820
624   1612
625   668
626   369
627   858
628   308
629   43
630   318
631   900
632   502
633   64
634   199
635   882
636   523
637   1034
638   433
639   331
640   1258
641   183
642   1080
643   161
644   295
645   79
646   2178
647   1183
648   51
649   1347
650   305
651   2214
652   383
653   370
654   1393
655   3130
656   888
657   194
658   2283
659   938
660   51
661   32
662   2237
663   1305
664   520
665   432
666   1920
667   24
668   2743
669   1
670   888
671   1299
672   1545
673   563
674   461
675   2191
676   1359
677   174
678   477
679   47
680   1606
681   281
682   1617
683   589
684   266
685   123
686   54
687   1
688   2110
689   2143
690   339
691   41
692   671
693   481
694   622
695   146
696   121
697   1305
698   109
699   170
700   1608
701   195
702   71
703   2117
704   1382
705   1205
706   564
707   82
708   61
709   12
710   1376
711   612
712   1378
713   487
714   1254
715   2040
716   199
717   825
718   530
719   741
720   1230
721   928
722   24
723   2113
724   317
725   332
726   1612
727   316
728   1578
729   888
730   2669
731   979
732   1363
733   302
734   3243
735   866
736   440
737   24
738   932
739   891
740   603
741   2102
742   497
743   183
744   1680
745   42
746   1411
747   1443
748   1097
749   206
750   473
751   1815
752   10
753   123
754   1136
755   2162
756   2129
757   1077
758   70
759   164
760   2003
761   578
762   9
763   79
764   246
765   95
766   932
767   1731
768   13
769   1292
770   558
771   239
772   2446
773   900
774   601
775   257
776   386
777   1486
778   1551
779   2470
780   306
781   1940
782   655
783   186
784   46
785   1662
786   435
787   242
788   902
789   1019
790   363
791   3387
792   2202
793   1203
794   391
795   215
796   445
797   1278
798   1295
799   742
800   430
801   3754
802   1034
803   154
804   33
805   1603
806   122
807   16
808   2024
809   52
810   257
811   1720
812   2862
813   3144
814   306
815   925
816   2140
817   1482
818   391
819   1198
820   877
821   1574
822   682
823   8
824   894
825   491
826   132
827   3296
828   201
829   2218
830   2989
831   17
832   1216
833   803
834   1510
835   48
836   787
837   934
838   2222
839   206
840   520
841   254
842   793
843   295
844   669
845   937
846   858
847   1104
848   3189
849   1292
850   1493
851   1348
852   124
853   222
854   1393
855   491
856   2095
857   595
858   3286
859   138
860   155
861   3045
862   724
863   890
864   2296
865   897
866   1213
867   1300
868   1483
869   1892
870   571
871   35
872   2051
873   117
874   2017
875   165
876   2448
877   291
878   1955
879   995
880   1437
881   51
882   334
883   1974
884   82
885   57
886   2012
887   271
888   112
889   799
890   279
891   236
892   86
893   903
894   123
895   1256
896   449
897   174
898   363
899   213
900   1976
901   281
902   245
903   1666
904   3152
905   2021
906   2657
907   311
908   2126
909   181
910   389
911   105
912   2956
913   13
914   429
915   2086
916   50
917   131
918   5
919   2538
920   300
921   572
922   2112
923   1490
924   757
925   829
926   643
927   689
928   1333
929   2559
930   294
931   320
932   727
933   210
934   26
935   488
936   683
937   2541
938   757
939   1625
940   28
941   405
942   1087
943   259
944   101
945   1411
946   1389
947   123
948   3083
949   308
950   2572
951   654
952   919
953   1549
954   853
955   3035
956   1114
957   500
958   343
959   12
960   1215
961   1274
962   1760
963   1413
964   546
965   2382
966   1554
967   568
968   45
969   890
970   316
971   80
972   742
973   773
974   1147
975   665
976   886
977   1576
978   2946
979   394
980   136
981   424
982   805
983   410
984   27
985   389
986   513
987   684
988   349
989   19
990   510
991   1619
992   1269
993   446
994   3261
995   146
996   498
997   331
998   177
999   363
1000   5
