1   3
2   10
3   10
4   1
5   8
6   3
7   5
8   0
9   1
10   0
11   7
12   0
13   2
14   3
15   0
16   4
17   10
18   2
19   10
20   2
21   1
22   5
23   11
24   1
25   4
26   7
27   2
28   3
29   4
30   0
31   0
32   3
33   1
34   0
35   3
36   0
37   5
38   1
39   0
40   2
41   1
42   0
43   4
44   1
45   1
46   1
47   1
48   5
49   4
50   1
51   5
52   3
53   3
54   1
55   4
56   7
57   0
58   0
59   1
60   8
61   1
62   3
63   0
64   0
65   4
66   3
67   6
68   3
69   5
70   5
71   2
72   1
73   1
74   0
75   6
76   4
77   10
78   8
79   6
80   0
81   12
82   1
83   3
84   9
85   0
86   8
87   3
88   1
89   2
90   2
91   6
92   4
93   3
94   5
95   5
96   1
97   7
98   1
99   0
100   0
