1   8561
2   2950
3   379
4   12233
5   2158
6   1570
7   11956
8   239
9   3714
10   1814
11   4352
12   4976
13   25549
14   3078
15   5708
16   3262
17   2922
18   4432
19   6547
20   7534
21   19091
22   11738
23   6012
24   2535
25   133
26   1975
27   5207
28   19490
29   25500
30   1050
31   22
32   11793
33   874
34   14265
35   8896
36   21920
37   10952
38   29100
39   9632
40   20
41   2466
42   661
43   867
44   2272
45   11479
46   1800
47   10213
48   2589
49   4209
50   23284
51   13013
52   2524
53   10999
54   7644
55   6880
56   4634
57   23628
58   2707
59   17908
60   7110
61   6881
62   18177
63   20737
64   7669
65   6769
66   5385
67   4892
68   16006
69   4000
70   4318
71   202
72   160
73   3604
74   4958
75   18293
76   18856
77   14655
78   410
79   332
80   294
81   504
82   6203
83   3001
84   11560
85   103
86   5530
87   10091
88   724
89   859
90   6268
91   5205
92   505
93   170
94   10789
95   1327
96   14051
97   4317
98   340
99   598
100   10781
101   13631
102   7974
103   117
104   396
105   1617
106   8584
107   19872
108   1173
109   13508
110   1338
111   2176
112   20824
113   14554
114   11504
115   2766
116   12335
117   1912
118   4376
119   8167
120   15
121   5254
122   1579
123   2163
124   11222
125   7984
126   10591
127   5842
128   10176
129   2375
130   4959
131   4698
132   3763
133   14204
134   2672
135   8875
136   9516
137   1529
138   9925
139   15094
140   13509
141   27632
142   1932
143   2840
144   16504
145   3889
146   596
147   3604
148   2464
149   6725
150   15321
151   7228
152   1171
153   13743
154   854
155   808
156   4878
157   3012
158   19783
159   11250
160   12791
161   402
162   15966
163   634
164   6282
165   20285
166   715
167   3064
168   411
169   155
170   515
171   4495
172   3315
173   4268
174   3791
175   849
176   9308
177   8209
178   24006
179   107
180   2374
181   10177
182   9544
183   13564
184   655
185   3145
186   5048
187   6844
188   146
189   20505
190   21294
191   6431
192   2940
193   13
194   119
195   5653
196   2876
197   9038
198   5968
199   1865
200   16860
201   2215
202   1683
203   10883
204   1818
205   9448
206   1325
207   9818
208   13715
209   2445
210   854
211   6642
212   3095
213   6261
214   7226
215   4467
216   1119
217   13073
218   6580
219   19903
220   9280
221   7356
222   12192
223   10910
224   9041
225   3238
226   1796
227   615
228   6568
229   518
230   4408
231   18343
232   1679
233   230
234   16513
235   400
236   1161
237   25788
238   4533
239   348
240   8031
241   3067
242   10060
243   3630
244   677
245   5174
246   3893
247   8791
248   21418
249   12658
250   15279
251   11682
252   5980
253   11002
254   8473
255   4744
256   7531
257   5543
258   5958
259   12118
260   1514
261   1474
262   22196
263   2192
264   2524
265   26273
266   14668
267   1729
268   20376
269   2
270   9666
271   258
272   2292
273   6807
274   17642
275   165
276   16679
277   7844
278   8546
279   15501
280   560
281   5038
282   5584
283   614
284   13356
285   10402
286   12996
287   297
288   22631
289   21904
290   752
291   4218
292   834
293   10886
294   756
295   2478
296   5867
297   1027
298   8195
299   10395
300   13284
301   1376
302   7825
303   22040
304   1688
305   1244
306   16023
307   21727
308   3982
309   4314
310   13967
311   29
312   12668
313   5323
314   10876
315   2456
316   19005
317   15480
318   3628
319   33
320   7834
321   8871
322   5773
323   2020
324   10484
325   19025
326   1929
327   4584
328   13547
329   2598
330   3394
331   17376
332   18588
333   4533
334   1967
335   10724
336   3757
337   3423
338   5719
339   2860
340   1283
341   3408
342   9654
343   4185
344   3454
345   6930
346   6235
347   173
348   2991
349   228
350   71
351   8718
352   10205
353   391
354   29363
355   8769
356   7714
357   7128
358   480
359   23778
360   6838
361   172
362   1187
363   2534
364   688
365   7107
366   437
367   10191
368   5888
369   13355
370   13130
371   657
372   7625
373   11459
374   17225
375   3196
376   756
377   1264
378   271
379   3337
380   619
381   3518
382   4056
383   16500
384   1059
385   6072
386   5600
387   18028
388   213
389   1802
390   5337
391   1182
392   1588
393   6649
394   1138
395   723
396   21220
397   6132
398   144
399   3445
400   470
401   11723
402   9894
403   1897
404   1165
405   17837
406   1332
407   9499
408   5298
409   8336
410   14598
411   17658
412   2178
413   1562
414   4034
415   281
416   6609
417   146
418   7518
419   3316
420   4668
421   2531
422   6286
423   16659
424   1939
425   778
426   4459
427   20068
428   3889
429   2318
430   5526
431   9
432   15710
433   4118
434   1785
435   9437
436   3721
437   1556
438   3176
439   2254
440   12761
441   7556
442   676
443   3198
444   1462
445   3343
446   13809
447   18153
448   10447
449   8532
450   5168
451   10252
452   1243
453   7342
454   27749
455   954
456   309
457   6321
458   3209
459   400
460   1144
461   255
462   17989
463   9728
464   15132
465   2186
466   1086
467   17370
468   4472
469   9105
470   26291
471   17184
472   11254
473   2477
474   1513
475   731
476   722
477   3679
478   4780
479   1083
480   1124
481   455
482   1763
483   3523
484   1844
485   6300
486   323
487   5545
488   602
489   909
490   2873
491   3508
492   6248
493   24784
494   20412
495   1862
496   1846
497   24256
498   1678
499   13268
500   10913
501   682
502   768
503   2620
504   4279
505   1768
506   9804
507   8055
508   8672
509   2219
510   309
511   1239
512   1888
513   2508
514   11480
515   256
516   4276
517   3056
518   6073
519   3624
520   18607
521   10006
522   230
523   2307
524   7833
525   4267
526   13989
527   12521
528   16647
529   5694
530   10958
531   8933
532   7632
533   4992
534   5844
535   83
536   10116
537   6467
538   369
539   14711
540   1941
541   2245
542   24169
543   650
544   5253
545   8796
546   7837
547   2819
548   135
549   5810
550   10188
551   1180
552   11274
553   18807
554   1648
555   15112
556   7165
557   647
558   2716
559   16982
560   4175
561   652
562   5677
563   5927
564   7784
565   28
566   13046
567   25961
568   6775
569   593
570   10305
571   4135
572   2043
573   28743
574   5726
575   6144
576   7266
577   5104
578   9188
579   891
580   9766
581   449
582   356
583   7793
584   5511
585   13663
586   1627
587   11166
588   22611
589   4072
590   15650
591   1051
592   8410
593   8879
594   2666
595   8966
596   7171
597   3955
598   4197
599   7737
600   11689
601   5717
602   12362
603   7288
604   56
605   3163
606   8022
607   5194
608   5633
609   1387
610   1371
611   20952
612   8314
613   7925
614   144
615   14358
616   219
617   2
618   405
619   227
620   1089
621   436
622   13866
623   6088
624   7169
625   7745
626   5480
627   3941
628   11292
629   11874
630   19261
631   2010
632   7112
633   1019
634   7540
635   3294
636   12293
637   2264
638   1812
639   9044
640   19896
641   13790
642   4777
643   146
644   22033
645   5026
646   6439
647   5993
648   8953
649   79
650   3683
651   20143
652   1012
653   8443
654   5275
655   10386
656   5903
657   2521
658   46
659   6791
660   3141
661   267
662   5939
663   907
664   6260
665   7980
666   4244
667   15541
668   3908
669   6915
670   1457
671   7945
672   4910
673   14556
674   811
675   18457
676   204
677   503
678   1603
679   11958
680   6084
681   516
682   27494
683   495
684   2798
685   156
686   2171
687   13333
688   4311
689   13284
690   289
691   1467
692   22169
693   7161
694   694
695   31
696   3066
697   13816
698   1717
699   22395
700   11895
701   12211
702   230
703   12076
704   2122
705   2235
706   13268
707   721
708   15396
709   1131
710   5159
711   4207
712   26423
713   8906
714   8721
715   653
716   2741
717   2124
718   1455
719   13685
720   2958
721   2416
722   20
723   2704
724   1947
725   7312
726   9295
727   747
728   2950
729   1116
730   9262
731   6975
732   10604
733   470
734   4636
735   3135
736   758
737   5305
738   393
739   3031
740   2123
741   13298
742   730
743   605
744   1761
745   25994
746   8083
747   2823
748   9282
749   1997
750   13537
751   6304
752   7169
753   317
754   1742
755   6984
756   100
757   6125
758   17935
759   18409
760   372
761   868
762   12778
763   478
764   9981
765   777
766   4742
767   13576
768   4080
769   11087
770   16361
771   21548
772   22585
773   3254
774   11761
775   1473
776   1342
777   16436
778   4478
779   354
780   7680
781   7798
782   6751
783   14225
784   898
785   5260
786   13773
787   16388
788   2938
789   8573
790   11995
791   9351
792   1559
793   7600
794   10097
795   172
796   10918
797   11308
798   13149
799   8611
800   4521
801   16
802   4161
803   6293
804   1546
805   188
806   6881
807   7705
808   14623
809   1616
810   931
811   404
812   8179
813   85
814   958
815   28066
816   5356
817   11076
818   11235
819   5002
820   14177
821   244
822   5237
823   18169
824   1718
825   1342
826   1809
827   7054
828   4836
829   1464
830   4079
831   5809
832   418
833   22960
834   2626
835   1397
836   9142
837   86
838   20473
839   1426
840   1110
841   5800
842   19557
843   20551
844   18407
845   12627
846   7795
847   6959
848   3925
849   845
850   902
851   4030
852   134
853   28471
854   235
855   6283
856   2454
857   785
858   1095
859   5862
860   84
861   11498
862   741
863   16929
864   9069
865   1008
866   8241
867   896
868   11353
869   11434
870   4219
871   25250
872   10095
873   9569
874   2635
875   4299
876   11239
877   8301
878   8912
879   3056
880   4690
881   862
882   2787
883   4168
884   13777
885   1673
886   3287
887   2851
888   198
889   9505
890   12862
891   7787
892   646
893   696
894   10683
895   4856
896   6676
897   12560
898   398
899   75
900   156
901   809
902   3420
903   10434
904   3644
905   518
906   137
907   3087
908   223
909   4345
910   6469
911   1005
912   18743
913   14787
914   3408
915   20567
916   1652
917   101
918   8632
919   8247
920   18177
921   10258
922   1787
923   6866
924   1635
925   2678
926   20434
927   7327
928   174
929   43
930   7011
931   8467
932   8577
933   10122
934   758
935   1685
936   18603
937   30
938   7483
939   34
940   12409
941   1108
942   1559
943   2047
944   13187
945   18516
946   6845
947   543
948   7683
949   24270
950   23388
951   1469
952   2398
953   4286
954   755
955   8255
956   8695
957   9473
958   9427
959   12916
960   9170
961   5116
962   15369
963   3572
964   7091
965   2988
966   140
967   11806
968   4142
969   1655
970   2009
971   6341
972   98
973   12280
974   253
975   705
976   22297
977   4791
978   23896
979   4822
980   12486
981   2121
982   24095
983   7414
984   7885
985   760
986   12064
987   2149
988   3393
989   1113
990   172
991   6762
992   2022
993   337
994   7298
995   3267
996   25387
997   11891
998   5784
999   8550
1000   14
1001   101
1002   5388
1003   12249
1004   3598
1005   12309
1006   1326
1007   5151
1008   274
1009   603
1010   442
1011   12746
1012   3016
1013   19388
1014   9766
1015   8883
1016   6637
1017   4363
1018   4256
1019   6666
1020   10049
1021   950
1022   116
1023   6404
1024   1325
1025   1134
1026   22384
1027   6330
1028   5316
1029   13984
1030   2778
1031   11484
1032   4077
1033   3626
1034   1795
1035   367
1036   15757
1037   17018
1038   8627
1039   265
1040   5763
1041   13111
1042   13103
1043   1066
1044   2452
1045   827
1046   8416
1047   12638
1048   4267
1049   13625
1050   10531
1051   221
1052   1332
1053   18632
1054   659
1055   2954
1056   24517
1057   535
1058   246
1059   1671
1060   146
1061   8865
1062   14825
1063   11473
1064   18612
1065   15
1066   11920
1067   639
1068   27300
1069   3732
1070   13136
1071   3327
1072   2309
1073   6417
1074   2208
1075   12468
1076   4222
1077   3825
1078   19059
1079   1682
1080   3654
1081   1568
1082   2068
1083   5474
1084   2623
1085   2573
1086   4003
1087   4195
1088   3348
1089   1155
1090   520
1091   16359
1092   14549
1093   2525
1094   1447
1095   6041
1096   591
1097   9663
1098   2680
1099   238
1100   3864
1101   14396
1102   1208
1103   9428
1104   820
1105   2772
1106   7722
1107   1542
1108   5552
1109   20955
1110   1321
1111   6557
1112   3966
1113   1793
1114   4643
1115   973
1116   1494
1117   24188
1118   6105
1119   530
1120   19609
1121   6115
1122   6733
1123   169
1124   2092
1125   10521
1126   399
1127   1697
1128   5471
1129   15371
1130   16547
1131   15312
1132   11946
1133   2829
1134   295
1135   1238
1136   3475
1137   10850
1138   6231
1139   403
1140   6892
1141   25926
1142   13333
1143   7555
1144   630
1145   24788
1146   2940
1147   7267
1148   6705
1149   2583
1150   1059
1151   28066
1152   379
1153   12560
1154   1810
1155   933
1156   4126
1157   1818
1158   3981
1159   29521
1160   3948
1161   10621
1162   191
1163   3322
1164   10453
1165   7013
1166   11654
1167   4358
1168   4051
1169   3511
1170   2381
1171   1348
1172   4088
1173   7170
1174   642
1175   460
1176   13143
1177   4076
1178   23534
1179   5096
1180   4
1181   2716
1182   971
1183   15945
1184   9235
1185   17050
1186   6487
1187   8850
1188   10770
1189   7502
1190   3202
1191   5160
1192   1257
1193   1412
1194   2526
1195   11696
1196   12134
1197   21810
1198   146
1199   24874
1200   11567
1201   9426
1202   161
1203   7481
1204   348
1205   3674
1206   7340
1207   1248
1208   7626
1209   3071
1210   2293
1211   8636
1212   383
1213   16994
1214   102
1215   1821
1216   5462
1217   2152
1218   8230
1219   4542
1220   268
1221   21889
1222   7087
1223   12569
1224   13587
1225   2759
1226   7747
1227   15916
1228   20535
1229   5876
1230   1582
1231   20710
1232   3601
1233   3618
1234   4504
1235   1482
1236   2332
1237   2319
1238   7271
1239   4585
1240   19364
1241   8436
1242   6150
1243   11497
1244   5767
1245   13198
1246   2559
1247   4498
1248   1973
1249   940
1250   1485
1251   18066
1252   6400
1253   23058
1254   11511
1255   23189
1256   6479
1257   5460
1258   76
1259   16834
1260   6081
1261   2488
1262   7751
1263   7451
1264   67
1265   334
1266   14625
1267   10718
1268   17028
1269   12081
1270   9144
1271   6624
1272   4575
1273   291
1274   1624
1275   7244
1276   14711
1277   1337
1278   3900
1279   1086
1280   115
1281   3864
1282   562
1283   6596
1284   4310
1285   3746
1286   5519
1287   5907
1288   8822
1289   24034
1290   9774
1291   14337
1292   2460
1293   323
1294   5205
1295   20960
1296   1417
1297   2792
1298   705
1299   8442
1300   14189
1301   7311
1302   2560
1303   10980
1304   8146
1305   8982
1306   19763
1307   7480
1308   1061
1309   12460
1310   14757
1311   2298
1312   18008
1313   12621
1314   3485
1315   11103
1316   2659
1317   2178
1318   4882
1319   27202
1320   208
1321   1032
1322   2903
1323   269
1324   21210
1325   6005
1326   16019
1327   683
1328   11676
1329   8321
1330   8073
1331   2489
1332   2898
1333   15112
1334   6400
1335   315
1336   4777
1337   3230
1338   892
1339   7964
1340   15581
1341   18324
1342   8160
1343   2267
1344   6331
1345   15590
1346   14270
1347   664
1348   8535
1349   622
1350   10931
1351   2508
1352   12353
1353   1915
1354   2550
1355   141
1356   1103
1357   3766
1358   5684
1359   7348
1360   2986
1361   1234
1362   14504
1363   1103
1364   1362
1365   2901
1366   3982
1367   1703
1368   2239
1369   7251
1370   16139
1371   12866
1372   20368
1373   8038
1374   2197
1375   269
1376   23662
1377   314
1378   4165
1379   24602
1380   1971
1381   20600
1382   7283
1383   22414
1384   1871
1385   2155
1386   6722
1387   1246
1388   362
1389   294
1390   461
1391   18246
1392   378
1393   1425
1394   4517
1395   20190
1396   7018
1397   2099
1398   5113
1399   1004
1400   15326
1401   1035
1402   19804
1403   23034
1404   3181
1405   1269
1406   903
1407   2860
1408   6098
1409   8014
1410   6894
1411   7765
1412   19066
1413   471
1414   11518
1415   2720
1416   21579
1417   25757
1418   22567
1419   6250
1420   22302
1421   9018
1422   7543
1423   9243
1424   22
1425   17967
1426   12849
1427   10196
1428   2106
1429   4338
1430   5945
1431   20272
1432   3705
1433   743
1434   910
1435   9592
1436   6091
1437   7607
1438   17066
1439   24570
1440   10171
1441   2436
1442   1564
1443   3096
1444   1631
1445   427
1446   6065
1447   25
1448   213
1449   10116
1450   3124
1451   1300
1452   20050
1453   606
1454   7919
1455   1987
1456   4599
1457   13620
1458   34
1459   19077
1460   20829
1461   266
1462   22084
1463   23150
1464   13261
1465   10935
1466   281
1467   18033
1468   1227
1469   5031
1470   7762
1471   18587
1472   3282
1473   12447
1474   8077
1475   1619
1476   5213
1477   5745
1478   2384
1479   2003
1480   13728
1481   16037
1482   11925
1483   9525
1484   17640
1485   15228
1486   37
1487   2040
1488   410
1489   1867
1490   307
1491   4070
1492   518
1493   2872
1494   4734
1495   3581
1496   12520
1497   2871
1498   12831
1499   23299
1500   7582
1501   3106
1502   430
1503   7337
1504   11343
1505   2581
1506   1
1507   609
1508   8154
1509   2696
1510   5211
1511   17544
1512   142
1513   5849
1514   16154
1515   5176
1516   16761
1517   9854
1518   23622
1519   20688
1520   5168
1521   3976
1522   1059
1523   9954
1524   15542
1525   3132
1526   2977
1527   27071
1528   5413
1529   5652
1530   5456
1531   8355
1532   7881
1533   64
1534   1870
1535   10556
1536   2915
1537   9203
1538   15221
1539   19020
1540   26255
1541   20194
1542   6203
1543   13146
1544   3740
1545   606
1546   6472
1547   406
1548   14677
1549   3829
1550   22488
1551   26357
1552   7411
1553   849
1554   5676
1555   9913
1556   9996
1557   7069
1558   9207
1559   13032
1560   20116
1561   1053
1562   15375
1563   3436
1564   2362
1565   11963
1566   7101
1567   5587
1568   12777
1569   7223
1570   2009
1571   10744
1572   386
1573   4107
1574   15831
1575   10025
1576   1508
1577   18332
1578   23
1579   1085
1580   8335
1581   229
1582   15654
1583   13949
1584   18686
1585   9304
1586   3800
1587   14645
1588   25
1589   14476
1590   1801
1591   766
1592   9382
1593   940
1594   16759
1595   23259
1596   348
1597   5198
1598   12115
1599   1673
1600   1425
1601   1293
1602   3029
1603   781
1604   17156
1605   8998
1606   3351
1607   59
1608   2089
1609   398
1610   5432
1611   833
1612   6896
1613   15805
1614   11427
1615   6111
1616   9759
1617   576
1618   20693
1619   6574
1620   9477
1621   10474
1622   3473
1623   20503
1624   3253
1625   696
1626   18051
1627   21047
1628   9118
1629   8978
1630   4593
1631   158
1632   930
1633   20820
1634   10124
1635   649
1636   7081
1637   2984
1638   10206
1639   1439
1640   6415
1641   190
1642   7828
1643   346
1644   2615
1645   16365
1646   17658
1647   486
1648   14095
1649   239
1650   2073
1651   131
1652   8413
1653   1326
1654   3049
1655   2830
1656   8550
1657   2536
1658   2408
1659   2483
1660   8421
1661   4243
1662   5207
1663   394
1664   18152
1665   1669
1666   3324
1667   1295
1668   10077
1669   16931
1670   15540
1671   1508
1672   4106
1673   6858
1674   9635
1675   16
1676   5071
1677   1490
1678   2861
1679   27232
1680   2590
1681   601
1682   984
1683   11308
1684   388
1685   5521
1686   16936
1687   2109
1688   9909
1689   19425
1690   6358
1691   169
1692   3156
1693   13746
1694   13158
1695   9269
1696   6243
1697   6958
1698   3859
1699   4848
1700   21931
1701   304
1702   6636
1703   589
1704   8701
1705   307
1706   12
1707   17576
1708   12806
1709   10931
1710   8991
1711   16185
1712   672
1713   13710
1714   2336
1715   1700
1716   17547
1717   23333
1718   10308
1719   12767
1720   7872
1721   14871
1722   1381
1723   1484
1724   1893
1725   551
1726   10069
1727   6071
1728   22575
1729   1947
1730   95
1731   6172
1732   16116
1733   106
1734   9667
1735   769
1736   1326
1737   5043
1738   10084
1739   7400
1740   1327
1741   1469
1742   1780
1743   771
1744   24087
1745   27232
1746   958
1747   6981
1748   17802
1749   22020
1750   4323
1751   276
1752   2881
1753   8689
1754   3453
1755   8316
1756   386
1757   12928
1758   14751
1759   5181
1760   15547
1761   19814
1762   4449
1763   626
1764   9794
1765   184
1766   11118
1767   11199
1768   5797
1769   1045
1770   2397
1771   3082
1772   6181
1773   10269
1774   4184
1775   438
1776   746
1777   1792
1778   13955
1779   8047
1780   2216
1781   11533
1782   18653
1783   933
1784   1689
1785   1327
1786   6571
1787   8390
1788   17690
1789   1149
1790   11231
1791   14648
1792   2448
1793   162
1794   22784
1795   121
1796   22237
1797   3128
1798   15266
1799   426
1800   10078
1801   3956
1802   2605
1803   8213
1804   5358
1805   2649
1806   7004
1807   15511
1808   3595
1809   4294
1810   5944
1811   5430
1812   1795
1813   2326
1814   7743
1815   10752
1816   1198
1817   5728
1818   106
1819   1390
1820   6643
1821   2829
1822   6797
1823   2944
1824   17834
1825   3878
1826   2934
1827   253
1828   1581
1829   77
1830   576
1831   842
1832   5656
1833   4292
1834   707
1835   4910
1836   1897
1837   515
1838   1600
1839   58
1840   3076
1841   101
1842   14359
1843   2616
1844   2297
1845   883
1846   1199
1847   10605
1848   82
1849   10429
1850   16380
1851   1159
1852   236
1853   13632
1854   9945
1855   256
1856   6536
1857   1050
1858   4048
1859   3081
1860   10536
1861   7908
1862   4111
1863   5379
1864   10760
1865   2568
1866   7248
1867   16551
1868   15943
1869   2208
1870   1745
1871   6129
1872   4049
1873   2869
1874   5133
1875   4960
1876   4301
1877   4770
1878   4083
1879   9545
1880   7798
1881   978
1882   5581
1883   7341
1884   1966
1885   5450
1886   12083
1887   9762
1888   2980
1889   1934
1890   1355
1891   6588
1892   15091
1893   636
1894   1229
1895   3450
1896   8541
1897   5597
1898   2461
1899   16222
1900   24540
1901   1925
1902   1723
1903   3338
1904   1502
1905   10377
1906   11177
1907   18
1908   1409
1909   13734
1910   13745
1911   10287
1912   496
1913   3470
1914   5009
1915   1584
1916   13615
1917   10782
1918   5097
1919   5900
1920   16110
1921   8947
1922   1012
1923   2528
1924   2696
1925   4041
1926   11777
1927   26049
1928   3247
1929   13438
1930   7888
1931   4841
1932   15270
1933   10437
1934   15872
1935   7856
1936   9646
1937   16158
1938   5570
1939   6795
1940   19925
1941   14868
1942   3472
1943   3998
1944   2500
1945   7340
1946   6002
1947   308
1948   7547
1949   1880
1950   1420
1951   7237
1952   1901
1953   743
1954   7345
1955   12866
1956   6547
1957   1777
1958   7621
1959   3473
1960   11032
1961   2763
1962   6439
1963   21855
1964   136
1965   74
1966   26700
1967   2069
1968   5815
1969   240
1970   11
1971   11322
1972   1529
1973   15462
1974   3809
1975   8105
1976   12840
1977   4609
1978   9825
1979   2188
1980   9717
1981   2770
1982   6579
1983   2495
1984   9926
1985   1894
1986   15891
1987   1795
1988   2737
1989   6938
1990   490
1991   20456
1992   17538
1993   9744
1994   11078
1995   2804
1996   6946
1997   11856
1998   10401
1999   23629
2000   9651
2001   15351
2002   4185
2003   475
2004   1596
2005   10076
2006   7431
2007   1415
2008   11030
2009   1766
2010   7390
2011   18061
2012   13332
2013   220
2014   286
2015   14605
2016   15440
2017   3665
2018   14884
2019   3644
2020   4111
2021   683
2022   10982
2023   7029
2024   8321
2025   10646
2026   8814
2027   14286
2028   9783
2029   12594
2030   1116
2031   8442
2032   3522
2033   1977
2034   1240
2035   3664
2036   11143
2037   5094
2038   16644
2039   12857
2040   633
2041   15136
2042   2689
2043   8277
2044   2667
2045   13
2046   489
2047   2698
2048   211
2049   8612
2050   1685
2051   21651
2052   15208
2053   385
2054   8307
2055   4412
2056   6926
2057   3356
2058   12485
2059   549
2060   12797
2061   14748
2062   11212
2063   2344
2064   495
2065   11891
2066   310
2067   5422
2068   10465
2069   25905
2070   5748
2071   14260
2072   528
2073   1466
2074   19937
2075   1709
2076   11247
2077   97
2078   22724
2079   2625
2080   9891
2081   6374
2082   9659
2083   59
2084   5734
2085   342
2086   12990
2087   502
2088   4006
2089   1858
2090   4138
2091   5593
2092   5074
2093   8202
2094   617
2095   16358
2096   7396
2097   5693
2098   4582
2099   7174
2100   1670
2101   1378
2102   8807
2103   75
2104   129
2105   6713
2106   6324
2107   7306
2108   6901
2109   332
2110   2980
2111   7212
2112   7929
2113   2336
2114   4547
2115   2982
2116   18970
2117   26341
2118   16208
2119   7102
2120   610
2121   8150
2122   21789
2123   115
2124   206
2125   24208
2126   6025
2127   6649
2128   6426
2129   2160
2130   5112
2131   1030
2132   14254
2133   16637
2134   5043
2135   487
2136   539
2137   3203
2138   9226
2139   41
2140   8885
2141   18787
2142   9886
2143   10468
2144   6678
2145   2370
2146   373
2147   5231
2148   786
2149   87
2150   27158
2151   3498
2152   280
2153   23869
2154   10956
2155   3110
2156   912
2157   1639
2158   13180
2159   608
2160   4625
2161   5996
2162   3060
2163   7909
2164   15999
2165   3523
2166   6267
2167   29
2168   2041
2169   424
2170   13797
2171   14963
2172   4278
2173   279
2174   7385
2175   16259
2176   6558
2177   9769
2178   269
2179   17343
2180   15354
2181   10559
2182   9539
2183   6192
2184   5325
2185   339
2186   11144
2187   16286
2188   662
2189   4776
2190   5652
2191   1310
2192   13373
2193   3323
2194   8562
2195   7146
2196   6142
2197   5735
2198   3073
2199   433
2200   10929
2201   44
2202   466
2203   14043
2204   9460
2205   307
2206   13907
2207   14301
2208   1789
2209   5575
2210   8038
2211   3607
2212   5892
2213   5912
2214   196
2215   8600
2216   11716
2217   16959
2218   6932
2219   82
2220   5269
2221   2362
2222   3318
2223   15260
2224   22774
2225   12975
2226   362
2227   625
2228   16195
2229   13849
2230   22746
2231   1586
2232   3105
2233   4979
2234   1756
2235   27758
2236   5976
2237   6745
2238   3573
2239   2839
2240   13527
2241   5162
2242   7920
2243   2218
2244   335
2245   8862
2246   14096
2247   89
2248   9075
2249   8335
2250   1203
2251   5684
2252   969
2253   9582
2254   16886
2255   3868
2256   2919
2257   608
2258   1283
2259   12941
2260   17775
2261   19185
2262   2514
2263   2190
2264   153
2265   2457
2266   7622
2267   15215
2268   4992
2269   12115
2270   2501
2271   9630
2272   6497
2273   5271
2274   8937
2275   1002
2276   2266
2277   9454
2278   3313
2279   13534
2280   9354
2281   6543
2282   3
2283   3623
2284   811
2285   9481
2286   2145
2287   4545
2288   329
2289   508
2290   7839
2291   1167
2292   1937
2293   24565
2294   13564
2295   9036
2296   5246
2297   41
2298   28
2299   4915
2300   4035
2301   24587
2302   6218
2303   7229
2304   10774
2305   8605
2306   22073
2307   5224
2308   5358
2309   478
2310   2945
2311   694
2312   7929
2313   17500
2314   6067
2315   12584
2316   258
2317   1700
2318   842
2319   1712
2320   3308
2321   6745
2322   6884
2323   6782
2324   5543
2325   4099
2326   30
2327   7212
2328   11857
2329   3694
2330   6130
2331   7857
2332   1628
2333   1171
2334   15436
2335   11885
2336   6114
2337   3672
2338   2136
2339   10919
2340   6903
2341   9644
2342   2083
2343   2909
2344   469
2345   6644
2346   10840
2347   4224
2348   4387
2349   17480
2350   5664
2351   319
2352   2034
2353   2757
2354   9681
2355   1100
2356   1750
2357   3644
2358   10489
2359   11368
2360   16187
2361   1343
2362   1010
2363   14780
2364   15109
2365   835
2366   2970
2367   5638
2368   14059
2369   9893
2370   2995
2371   5304
2372   4748
2373   3876
2374   15710
2375   317
2376   3489
2377   26
2378   3008
2379   165
2380   10982
2381   22783
2382   27149
2383   1761
2384   6260
2385   274
2386   8400
2387   342
2388   1228
2389   12926
2390   11024
2391   12472
2392   67
2393   14729
2394   16752
2395   20478
2396   2726
2397   77
2398   8307
2399   11037
2400   83
2401   894
2402   3707
2403   20873
2404   7823
2405   11080
2406   5411
2407   14488
2408   2382
2409   550
2410   13738
2411   740
2412   1738
2413   355
2414   7046
2415   3539
2416   21537
2417   5463
2418   9956
2419   272
2420   65
2421   6861
2422   12205
2423   1840
2424   329
2425   3885
2426   8838
2427   5279
2428   16741
2429   2670
2430   16724
2431   3339
2432   735
2433   48
2434   42
2435   17724
2436   16146
2437   7014
2438   4157
2439   2436
2440   1523
2441   13587
2442   3312
2443   8059
2444   8914
2445   8950
2446   13302
2447   2879
2448   840
2449   3175
2450   697
2451   1819
2452   17270
2453   12731
2454   8557
2455   861
2456   2952
2457   9012
2458   1695
2459   9298
2460   2389
2461   23076
2462   3526
2463   93
2464   4654
2465   2255
2466   10257
2467   3648
2468   105
2469   2183
2470   4999
2471   15516
2472   15558
2473   1114
2474   22
2475   14770
2476   1297
2477   7432
2478   316
2479   12546
2480   8774
2481   6334
2482   1533
2483   16748
2484   2907
2485   2705
2486   2220
2487   6999
2488   13082
2489   6213
2490   7645
2491   2383
2492   25300
2493   19731
2494   2545
2495   13552
2496   15824
2497   14066
2498   6749
2499   13855
2500   14723
2501   21374
2502   488
2503   5984
2504   6801
2505   1268
2506   100
2507   4462
2508   3570
2509   2893
2510   294
2511   8423
2512   6947
2513   12974
2514   4876
2515   3979
2516   5233
2517   9690
2518   759
2519   6822
2520   10826
2521   16321
2522   70
2523   6703
2524   355
2525   5350
2526   22709
2527   542
2528   2097
2529   611
2530   3226
2531   5297
2532   1067
2533   363
2534   3388
2535   6436
2536   6902
2537   11697
2538   5646
2539   9614
2540   23266
2541   10919
2542   4706
2543   14502
2544   13862
2545   6535
2546   4253
2547   8830
2548   973
2549   1996
2550   7257
2551   4315
2552   3180
2553   4363
2554   9268
2555   6381
2556   7359
2557   3885
2558   17693
2559   9653
2560   11479
2561   9689
2562   241
2563   7955
2564   1238
2565   7145
2566   19275
2567   4173
2568   6202
2569   7069
2570   3307
2571   2758
2572   2043
2573   392
2574   6002
2575   557
2576   6751
2577   12217
2578   290
2579   3512
2580   9860
2581   5048
2582   769
2583   6919
2584   20260
2585   6830
2586   4007
2587   15468
2588   1701
2589   13348
2590   21012
2591   11320
2592   25213
2593   19982
2594   19058
2595   5383
2596   1679
2597   21873
2598   17884
2599   5649
2600   17807
2601   6296
2602   20410
2603   1135
2604   4177
2605   7152
2606   5024
2607   866
2608   9004
2609   8488
2610   1347
2611   19262
2612   5302
2613   23843
2614   13689
2615   1728
2616   2333
2617   5801
2618   2695
2619   1004
2620   8360
2621   15466
2622   21586
2623   13743
2624   3292
2625   3039
2626   2361
2627   3191
2628   27681
2629   5264
2630   20542
2631   5483
2632   11643
2633   9132
2634   74
2635   6414
2636   15365
2637   2552
2638   2884
2639   11426
2640   1832
2641   5054
2642   9605
2643   2584
2644   4344
2645   26185
2646   10581
2647   5074
2648   481
2649   1121
2650   1022
2651   3930
2652   21819
2653   16
2654   4395
2655   15966
2656   21705
2657   2728
2658   2907
2659   1039
2660   78
2661   2077
2662   15548
2663   5354
2664   17028
2665   23089
2666   3414
2667   448
2668   10043
2669   9596
2670   13608
2671   993
2672   7252
2673   13699
2674   555
2675   1124
2676   7451
2677   1227
2678   8230
2679   28036
2680   322
2681   9417
2682   25350
2683   10796
2684   2286
2685   8738
2686   8559
2687   368
2688   681
2689   4624
2690   645
2691   21717
2692   10234
2693   503
2694   15278
2695   3840
2696   48
2697   12620
2698   5933
2699   3309
2700   20337
2701   879
2702   4914
2703   8681
2704   14374
2705   144
2706   8492
2707   2567
2708   1669
2709   7141
2710   14396
2711   1208
2712   1868
2713   28389
2714   913
2715   327
2716   16740
2717   6325
2718   13864
2719   420
2720   1500
2721   4592
2722   18674
2723   7513
2724   5801
2725   9035
2726   27283
2727   8883
2728   18033
2729   7084
2730   2078
2731   2091
2732   430
2733   26217
2734   2360
2735   5036
2736   14640
2737   851
2738   16325
2739   1547
2740   9501
2741   9102
2742   747
2743   8017
2744   17337
2745   10107
2746   6704
2747   7672
2748   15597
2749   423
2750   11346
2751   4936
2752   705
2753   7085
2754   8743
2755   17440
2756   461
2757   321
2758   284
2759   15480
2760   9809
2761   7349
2762   1792
2763   4358
2764   762
2765   14074
2766   5058
2767   747
2768   407
2769   4523
2770   1063
2771   23163
2772   3085
2773   12843
2774   855
2775   19950
2776   9893
2777   16492
2778   20740
2779   7865
2780   854
2781   8137
2782   26406
2783   6472
2784   13682
2785   8756
2786   15032
2787   3686
2788   16793
2789   6896
2790   7091
2791   1084
2792   152
2793   195
2794   6334
2795   21859
2796   12271
2797   1822
2798   16681
2799   4253
2800   17559
2801   12388
2802   8022
2803   8811
2804   1011
2805   17318
2806   7859
2807   14763
2808   16767
2809   892
2810   955
2811   15857
2812   21359
2813   77
2814   20264
2815   4405
2816   1889
2817   130
2818   3999
2819   56
2820   18123
2821   192
2822   15092
2823   7877
2824   1205
2825   1804
2826   3473
2827   746
2828   8600
2829   27336
2830   19732
2831   18463
2832   20717
2833   12291
2834   1390
2835   5423
2836   161
2837   54
2838   1577
2839   1135
2840   249
2841   5576
2842   15599
2843   7398
2844   22307
2845   5109
2846   16676
2847   3621
2848   3088
2849   1888
2850   737
2851   4640
2852   7286
2853   1336
2854   1973
2855   24880
2856   25668
2857   133
2858   8647
2859   629
2860   13947
2861   12543
2862   6993
2863   34
2864   9946
2865   11323
2866   10785
2867   6384
2868   10073
2869   1305
2870   1049
2871   651
2872   8238
2873   91
2874   1542
2875   8652
2876   4664
2877   11809
2878   4685
2879   745
2880   12849
2881   597
2882   4449
2883   3741
2884   3432
2885   19777
2886   9965
2887   2171
2888   700
2889   25922
2890   14958
2891   297
2892   757
2893   2425
2894   2440
2895   14925
2896   2971
2897   2929
2898   28104
2899   27104
2900   4464
2901   6157
2902   10730
2903   6224
2904   2711
2905   2061
2906   3428
2907   1666
2908   378
2909   10653
2910   6060
2911   1809
2912   19468
2913   4430
2914   7471
2915   1953
2916   3450
2917   9163
2918   9357
2919   11564
2920   19954
2921   270
2922   7366
2923   12340
2924   23318
2925   16379
2926   8788
2927   593
2928   1279
2929   2634
2930   4288
2931   26671
2932   18826
2933   6373
2934   3909
2935   5404
2936   1709
2937   16625
2938   13843
2939   1512
2940   3607
2941   1866
2942   5518
2943   4416
2944   2257
2945   15593
2946   7679
2947   15738
2948   5544
2949   20247
2950   480
2951   1723
2952   2722
2953   6661
2954   251
2955   943
2956   5407
2957   7946
2958   5673
2959   10173
2960   12324
2961   7142
2962   174
2963   11234
2964   1545
2965   6614
2966   17469
2967   5484
2968   4228
2969   4327
2970   12641
2971   1539
2972   19533
2973   5922
2974   262
2975   3195
2976   452
2977   17340
2978   4459
2979   14320
2980   7144
2981   1441
2982   17885
2983   34
2984   19952
2985   9910
2986   633
2987   1337
2988   8661
2989   1893
2990   3981
2991   14368
2992   96
2993   14169
2994   12128
2995   25060
2996   3309
2997   2573
2998   1701
2999   4418
3000   5910
3001   18239
3002   740
3003   6926
3004   2824
3005   3510
3006   14748
3007   7400
3008   19367
3009   12440
3010   10321
3011   271
3012   13164
3013   8414
3014   17177
3015   5992
3016   11041
3017   12210
3018   862
3019   10491
3020   8164
3021   13535
3022   12800
3023   14815
3024   3804
3025   1805
3026   1563
3027   22519
3028   11132
3029   2345
3030   583
3031   2957
3032   14302
3033   13538
3034   3854
3035   11390
3036   3898
3037   3780
3038   4251
3039   14873
3040   11260
3041   4336
3042   21694
3043   4364
3044   4713
3045   1010
3046   4024
3047   490
3048   2681
3049   613
3050   7844
3051   4588
3052   1323
3053   8329
3054   1085
3055   10816
3056   5086
3057   7756
3058   57
3059   4596
3060   341
3061   9873
3062   3413
3063   14399
3064   16331
3065   10406
3066   22697
3067   2720
3068   11115
3069   463
3070   14004
3071   6333
3072   12201
3073   8674
3074   18105
3075   412
3076   863
3077   1189
3078   2944
3079   795
3080   14285
3081   13575
3082   15736
3083   4699
3084   897
3085   2567
3086   11943
3087   1496
3088   1640
3089   2549
3090   754
3091   10014
3092   15629
3093   10532
3094   3263
3095   2844
3096   15644
3097   10595
3098   11757
3099   2875
3100   3755
3101   7105
3102   4848
3103   2237
3104   118
3105   91
3106   10643
3107   7368
3108   8114
3109   9155
3110   13592
3111   20701
3112   15226
3113   2454
3114   28636
3115   2945
3116   10013
3117   2243
3118   913
3119   4495
3120   14756
3121   1749
3122   7845
3123   4030
3124   44
3125   2096
3126   984
3127   6846
3128   6221
3129   7533
3130   4667
3131   361
3132   22254
3133   14035
3134   745
3135   12285
3136   12883
3137   8546
3138   5456
3139   1439
3140   3522
3141   6633
3142   2658
3143   1268
3144   1749
3145   11946
3146   6838
3147   5959
3148   7061
3149   3322
3150   12601
3151   2480
3152   944
3153   7181
3154   166
3155   10835
3156   8249
3157   4978
3158   10065
3159   17867
3160   16978
3161   19095
3162   8328
3163   9739
3164   1915
3165   2587
3166   15504
3167   11532
3168   16192
3169   930
3170   4738
3171   236
3172   28508
3173   15178
3174   196
3175   3899
3176   12636
3177   3854
3178   2647
3179   24834
3180   6084
3181   5526
3182   1748
3183   2739
3184   3073
3185   7446
3186   18788
3187   300
3188   5307
3189   597
3190   10316
3191   85
3192   376
3193   969
3194   5026
3195   2695
3196   1859
3197   24764
3198   494
3199   1278
3200   6855
3201   7522
3202   3003
3203   12895
3204   3661
3205   9217
3206   15434
3207   1433
3208   124
3209   2244
3210   19001
3211   1823
3212   6059
3213   4205
3214   432
3215   4483
3216   9758
3217   5636
3218   121
3219   21396
3220   17490
3221   1786
3222   10744
3223   14178
3224   1183
3225   12
3226   3379
3227   2739
3228   19757
3229   4320
3230   6347
3231   12718
3232   107
3233   11848
3234   5594
3235   4621
3236   395
3237   3440
3238   2079
3239   1925
3240   2858
3241   863
3242   20379
3243   2685
3244   1574
3245   4139
3246   261
3247   6397
3248   9198
3249   1799
3250   1307
3251   36
3252   12586
3253   6949
3254   25549
3255   6026
3256   1692
3257   7015
3258   2406
3259   16412
3260   133
3261   17959
3262   6406
3263   608
3264   2640
3265   10581
3266   4610
3267   1589
3268   16000
3269   172
3270   9630
3271   4998
3272   6227
3273   2880
3274   4164
3275   7487
3276   11319
3277   11300
3278   390
3279   9254
3280   1573
3281   1775
3282   5515
3283   5158
3284   12145
3285   604
3286   1953
3287   546
3288   283
3289   2208
3290   3570
3291   16803
3292   24266
3293   7366
3294   12684
3295   990
3296   14507
3297   3293
3298   1600
3299   595
3300   7098
3301   2212
3302   1127
3303   24468
3304   18673
3305   1920
3306   13346
3307   234
3308   7185
3309   981
3310   15958
3311   3685
3312   22284
3313   1724
3314   15079
3315   7376
3316   15812
3317   1866
3318   12980
3319   563
3320   696
3321   1996
3322   203
3323   2761
3324   482
3325   6070
3326   9076
3327   3126
3328   2834
3329   13
3330   8601
3331   9809
3332   4768
3333   5973
3334   258
3335   930
3336   1323
3337   17516
3338   3384
3339   1411
3340   693
3341   1637
3342   17654
3343   377
3344   1012
3345   5924
3346   11043
3347   3234
3348   4681
3349   9712
3350   357
3351   1648
3352   4349
3353   11952
3354   5242
3355   2731
3356   17064
3357   5066
3358   2677
3359   2595
3360   1787
3361   6367
3362   4914
3363   1736
3364   1569
3365   382
3366   17521
3367   21606
3368   26172
3369   2978
3370   6362
3371   1464
3372   20787
3373   2050
3374   7434
3375   4192
3376   4536
3377   7399
3378   132
3379   8726
3380   6174
3381   3156
3382   12045
3383   4867
3384   13608
3385   2467
3386   21474
3387   20705
3388   13494
3389   1423
3390   6282
3391   3281
3392   2515
3393   5064
3394   4498
3395   3139
3396   25449
3397   1497
3398   3809
3399   323
3400   23871
3401   2043
3402   19426
3403   1606
3404   6097
3405   6709
3406   161
3407   15732
3408   8535
3409   409
3410   7026
3411   3012
3412   25277
3413   1749
3414   3007
3415   6575
3416   7075
3417   9597
3418   599
3419   10627
3420   14061
3421   1275
3422   4627
3423   522
3424   20462
3425   18401
3426   676
3427   15225
3428   191
3429   8991
3430   126
3431   545
3432   10938
3433   3123
3434   5819
3435   1950
3436   16525
3437   5050
3438   22444
3439   3704
3440   371
3441   2563
3442   10035
3443   3152
3444   210
3445   16293
3446   2074
3447   17042
3448   1279
3449   17849
3450   603
3451   15681
3452   264
3453   721
3454   2836
3455   461
3456   16242
3457   702
3458   12641
3459   3984
3460   12303
3461   9006
3462   7074
3463   1695
3464   409
3465   21452
3466   883
3467   7629
3468   12300
3469   449
3470   3429
3471   17790
3472   11495
3473   708
3474   6725
3475   3477
3476   2856
3477   964
3478   3305
3479   6382
3480   6437
3481   29001
3482   3775
3483   8607
3484   8623
3485   955
3486   22688
3487   1629
3488   2142
3489   1336
3490   22603
3491   2507
3492   13237
3493   15261
3494   8798
3495   1744
3496   1007
3497   595
3498   308
3499   5810
3500   2997
3501   9230
3502   14161
3503   26146
3504   4757
3505   3625
3506   1770
3507   2216
3508   298
3509   9434
3510   14417
3511   3986
3512   4434
3513   11100
3514   29458
3515   17847
3516   16238
3517   1397
3518   14614
3519   14615
3520   33
3521   100
3522   374
3523   12375
3524   3653
3525   1562
3526   721
3527   18015
3528   8126
3529   56
3530   1469
3531   948
3532   683
3533   10639
3534   1560
3535   9480
3536   4035
3537   14098
3538   5341
3539   5443
3540   14635
3541   2579
3542   10
3543   583
3544   211
3545   546
3546   1238
3547   5530
3548   6632
3549   11852
3550   3579
3551   13017
3552   11232
3553   285
3554   10156
3555   2002
3556   2035
3557   8229
3558   21645
3559   8753
3560   523
3561   935
3562   473
3563   24531
3564   251
3565   2444
3566   461
3567   1140
3568   4583
3569   1822
3570   3375
3571   8764
3572   4939
3573   12411
3574   336
3575   4892
3576   2246
3577   7368
3578   26760
3579   10363
3580   544
3581   47
3582   1000
3583   10392
3584   15803
3585   510
3586   13592
3587   874
3588   10907
3589   277
3590   9284
3591   5163
3592   5298
3593   7065
3594   8140
3595   176
3596   665
3597   1204
3598   1520
3599   2833
3600   1108
3601   12960
3602   154
3603   15426
3604   23622
3605   13111
3606   17214
3607   1396
3608   5937
3609   377
3610   1849
3611   16327
3612   8788
3613   2874
3614   2220
3615   3573
3616   793
3617   3384
3618   8211
3619   9810
3620   496
3621   11761
3622   1618
3623   2171
3624   17719
3625   7381
3626   19287
3627   5587
3628   2878
3629   7584
3630   23938
3631   4447
3632   227
3633   24440
3634   1259
3635   1658
3636   12165
3637   7105
3638   6506
3639   363
3640   11896
3641   2612
3642   6614
3643   1175
3644   117
3645   901
3646   7958
3647   958
3648   2616
3649   10870
3650   4016
3651   1096
3652   6837
3653   4182
3654   2028
3655   2156
3656   5020
3657   389
3658   4272
3659   10325
3660   8728
3661   2970
3662   15016
3663   3747
3664   7827
3665   14805
3666   447
3667   5845
3668   1333
3669   2526
3670   3319
3671   7983
3672   711
3673   622
3674   3575
3675   757
3676   16806
3677   5346
3678   5855
3679   11570
3680   141
3681   613
3682   8470
3683   7964
3684   5408
3685   4118
3686   154
3687   4383
3688   9224
3689   1875
3690   124
3691   5646
3692   12584
3693   3172
3694   6615
3695   9747
3696   2486
3697   9137
3698   12796
3699   1108
3700   4704
3701   4834
3702   748
3703   327
3704   1211
3705   12695
3706   731
3707   12752
3708   893
3709   2149
3710   10161
3711   98
3712   24384
3713   13607
3714   13802
3715   235
3716   760
3717   3915
3718   1555
3719   7207
3720   87
3721   446
3722   2884
3723   119
3724   6418
3725   259
3726   2627
3727   5905
3728   4500
3729   4285
3730   18690
3731   8621
3732   2953
3733   13212
3734   1828
3735   12531
3736   64
3737   864
3738   2640
3739   8896
3740   2156
3741   26794
3742   1378
3743   8999
3744   7986
3745   7106
3746   4657
3747   7966
3748   3033
3749   10938
3750   1971
3751   10620
3752   17521
3753   10315
3754   24077
3755   1579
3756   871
3757   17394
3758   4104
3759   1395
3760   162
3761   4754
3762   758
3763   5236
3764   16
3765   1781
3766   4447
3767   642
3768   563
3769   8960
3770   31
3771   21945
3772   27913
3773   4352
3774   17001
3775   42
3776   18977
3777   15609
3778   21868
3779   1030
3780   52
3781   10100
3782   8984
3783   23951
3784   9
3785   13254
3786   3100
3787   4263
3788   20051
3789   2369
3790   1791
3791   584
3792   1359
3793   21
3794   284
3795   12657
3796   2230
3797   11008
3798   25952
3799   12947
3800   143
3801   207
3802   8942
3803   354
3804   1350
3805   2797
3806   19406
3807   815
3808   16458
3809   7730
3810   2301
3811   9638
3812   6040
3813   13241
3814   15727
3815   7350
3816   5677
3817   9385
3818   5462
3819   20215
3820   7685
3821   7656
3822   3356
3823   3389
3824   1132
3825   21624
3826   4057
3827   4708
3828   10167
3829   2621
3830   4984
3831   7014
3832   75
3833   18939
3834   2444
3835   10062
3836   957
3837   3213
3838   6371
3839   2301
3840   7985
3841   2871
3842   5855
3843   16039
3844   28178
3845   6031
3846   3851
3847   2503
3848   8493
3849   5381
3850   112
3851   12322
3852   4693
3853   3933
3854   10489
3855   204
3856   4625
3857   114
3858   2129
3859   3269
3860   9759
3861   58
3862   6405
3863   6000
3864   87
3865   1376
3866   5563
3867   1483
3868   2052
3869   3813
3870   18244
3871   3044
3872   13927
3873   794
3874   421
3875   3129
3876   1888
3877   6873
3878   7991
3879   13244
3880   3624
3881   7275
3882   18195
3883   15792
3884   3126
3885   5442
3886   9225
3887   11666
3888   613
3889   1263
3890   5680
3891   1203
3892   24837
3893   13772
3894   1695
3895   197
3896   2190
3897   10924
3898   14254
3899   10329
3900   7661
3901   15774
3902   3290
3903   8352
3904   723
3905   2185
3906   12241
3907   13725
3908   699
3909   4506
3910   1871
3911   15
3912   1313
3913   8018
3914   3171
3915   9033
3916   15392
3917   3228
3918   701
3919   4289
3920   10144
3921   10741
3922   2788
3923   2006
3924   6729
3925   20356
3926   4587
3927   12967
3928   3206
3929   18590
3930   3876
3931   3858
3932   18087
3933   22278
3934   7202
3935   18203
3936   17821
3937   3714
3938   9833
3939   2137
3940   5970
3941   145
3942   11565
3943   5595
3944   817
3945   14060
3946   15481
3947   404
3948   21569
3949   4059
3950   17097
3951   9464
3952   4038
3953   514
3954   711
3955   654
3956   1844
3957   1000
3958   15946
3959   13069
3960   11840
3961   914
3962   1417
3963   8060
3964   12627
3965   951
3966   5018
3967   456
3968   22905
3969   2022
3970   397
3971   15843
3972   7186
3973   847
3974   11540
3975   19272
3976   19155
3977   6463
3978   3748
3979   1321
3980   8924
3981   3527
3982   1164
3983   14369
3984   2026
3985   8396
3986   35
3987   9567
3988   21381
3989   8202
3990   3002
3991   17662
3992   17801
3993   3907
3994   20550
3995   10140
3996   1424
3997   3923
3998   16596
3999   7739
4000   1243
4001   9571
4002   20682
4003   1095
4004   7528
4005   2983
4006   5800
4007   5288
4008   16766
4009   24775
4010   6567
4011   4172
4012   1035
4013   1910
4014   5994
4015   4557
4016   21307
4017   6180
4018   3114
4019   989
4020   1171
4021   19042
4022   7055
4023   20200
4024   15
4025   2820
4026   17014
4027   2020
4028   6519
4029   4488
4030   5377
4031   1430
4032   4864
4033   14141
4034   12763
4035   116
4036   833
4037   601
4038   5188
4039   168
4040   890
4041   6855
4042   4841
4043   184
4044   10717
4045   10329
4046   16376
4047   205
4048   20857
4049   2128
4050   776
4051   5216
4052   7458
4053   8894
4054   24835
4055   21375
4056   4617
4057   17489
4058   11937
4059   288
4060   515
4061   11341
4062   17037
4063   660
4064   106
4065   20781
4066   9449
4067   2785
4068   661
4069   13809
4070   6805
4071   19489
4072   6483
4073   1674
4074   7838
4075   5711
4076   7993
4077   278
4078   121
4079   1012
4080   2591
4081   964
4082   1554
4083   13331
4084   1137
4085   15185
4086   5145
4087   5419
4088   4216
4089   12201
4090   1157
4091   1742
4092   2818
4093   8397
4094   287
4095   15221
4096   7850
4097   13341
4098   7671
4099   5039
4100   2943
4101   2289
4102   4649
4103   4277
4104   11363
4105   27037
4106   13284
4107   11465
4108   3084
4109   14082
4110   18614
4111   6720
4112   2719
4113   11177
4114   1896
4115   17743
4116   1231
4117   610
4118   1201
4119   18008
4120   3893
4121   12141
4122   14345
4123   1580
4124   2032
4125   640
4126   26
4127   10920
4128   6446
4129   15084
4130   4792
4131   11264
4132   563
4133   14602
4134   11741
4135   53
4136   2390
4137   9150
4138   3779
4139   20020
4140   16593
4141   13624
4142   6766
4143   12876
4144   6893
4145   8834
4146   4924
4147   17254
4148   4723
4149   3022
4150   11787
4151   203
4152   694
4153   10627
4154   4054
4155   22155
4156   314
4157   19114
4158   19550
4159   13142
4160   4710
4161   3865
4162   8455
4163   5427
4164   9397
4165   10418
4166   11106
4167   13734
4168   309
4169   7518
4170   18353
4171   4861
4172   10370
4173   8557
4174   2048
4175   2067
4176   24670
4177   11822
4178   9256
4179   435
4180   578
4181   11002
4182   11960
4183   8775
4184   6885
4185   6902
4186   2735
4187   3380
4188   1225
4189   5253
4190   3439
4191   8151
4192   8025
4193   11883
4194   6471
4195   22158
4196   955
4197   10342
4198   3079
4199   10691
4200   2287
4201   15642
4202   3311
4203   349
4204   2667
4205   1232
4206   3693
4207   796
4208   7829
4209   78
4210   623
4211   19148
4212   7505
4213   585
4214   12649
4215   3675
4216   5242
4217   3315
4218   256
4219   130
4220   2184
4221   3277
4222   3327
4223   28524
4224   3192
4225   13971
4226   11267
4227   17024
4228   1572
4229   2299
4230   10545
4231   4654
4232   3632
4233   7960
4234   13810
4235   15233
4236   753
4237   14041
4238   510
4239   15011
4240   884
4241   4711
4242   269
4243   6802
4244   3497
4245   1309
4246   3697
4247   1017
4248   1365
4249   15362
4250   14976
4251   6054
4252   8282
4253   5101
4254   8171
4255   29727
4256   2216
4257   885
4258   261
4259   13685
4260   5345
4261   1437
4262   1179
4263   11672
4264   847
4265   3180
4266   1439
4267   80
4268   5362
4269   3522
4270   16120
4271   831
4272   16013
4273   5228
4274   20803
4275   6846
4276   1075
4277   4529
4278   7886
4279   338
4280   16616
4281   15386
4282   984
4283   7348
4284   8275
4285   170
4286   2344
4287   4931
4288   592
4289   4277
4290   12215
4291   1217
4292   21741
4293   13518
4294   1731
4295   8785
4296   729
4297   4923
4298   11402
4299   1518
4300   2703
4301   1497
4302   9884
4303   2964
4304   680
4305   3575
4306   11310
4307   5921
4308   950
4309   18635
4310   7869
4311   13175
4312   11219
4313   7686
4314   169
4315   1724
4316   3687
4317   11547
4318   3947
4319   7049
4320   23133
4321   2993
4322   2113
4323   5030
4324   875
4325   1992
4326   1066
4327   17498
4328   3299
4329   2180
4330   798
4331   2233
4332   19335
4333   2215
4334   17089
4335   2156
4336   6731
4337   9492
4338   2409
4339   13558
4340   12472
4341   7296
4342   4939
4343   5483
4344   19497
4345   6688
4346   10786
4347   2710
4348   21737
4349   11666
4350   4799
4351   9173
4352   1530
4353   1896
4354   1053
4355   12536
4356   9652
4357   9986
4358   5108
4359   731
4360   11111
4361   129
4362   4542
4363   1107
4364   6074
4365   13608
4366   19242
4367   19220
4368   4863
4369   8692
4370   4083
4371   22856
4372   2243
4373   831
4374   4999
4375   22626
4376   9001
4377   500
4378   22246
4379   433
4380   30599
4381   8046
4382   10144
4383   868
4384   951
4385   39
4386   15323
4387   3773
4388   13307
4389   2797
4390   5269
4391   1062
4392   7652
4393   612
4394   10109
4395   406
4396   25735
4397   3842
4398   643
4399   346
4400   13016
4401   1381
4402   19168
4403   1362
4404   3067
4405   774
4406   26290
4407   11567
4408   61
4409   11279
4410   5396
4411   8621
4412   16527
4413   13886
4414   4938
4415   1486
4416   15227
4417   6255
4418   388
4419   5558
4420   3434
4421   9487
4422   6042
4423   4395
4424   5311
4425   1912
4426   281
4427   19621
4428   382
4429   11488
4430   1255
4431   291
4432   30
4433   1842
4434   1846
4435   10068
4436   9512
4437   2667
4438   11101
4439   2707
4440   3735
4441   3078
4442   6533
4443   3941
4444   15144
4445   6392
4446   776
4447   10256
4448   11046
4449   130
4450   831
4451   13134
4452   3882
4453   18488
4454   1224
4455   1643
4456   2747
4457   16657
4458   11835
4459   387
4460   23427
4461   1938
4462   6346
4463   745
4464   24072
4465   7411
4466   28785
4467   11519
4468   8309
4469   293
4470   1964
4471   683
4472   3887
4473   12829
4474   3772
4475   2041
4476   9569
4477   8338
4478   1013
4479   1715
4480   45
4481   6223
4482   19583
4483   1571
4484   897
4485   1715
4486   2998
4487   7222
4488   7406
4489   803
4490   7098
4491   904
4492   15893
4493   5084
4494   2110
4495   10
4496   848
4497   8055
4498   7195
4499   17353
4500   17051
4501   5455
4502   1122
4503   18449
4504   1419
4505   1147
4506   1522
4507   13824
4508   8177
4509   5424
4510   1043
4511   293
4512   3202
4513   338
4514   1092
4515   1728
4516   12204
4517   18940
4518   3110
4519   9703
4520   803
4521   1834
4522   281
4523   3617
4524   13310
4525   6489
4526   50
4527   785
4528   4953
4529   1368
4530   6532
4531   1804
4532   345
4533   9411
4534   13396
4535   7049
4536   12
4537   9386
4538   9690
4539   752
4540   292
4541   2312
4542   22064
4543   29617
4544   8772
